P 0 0 255 ISTANBUL 10000 1 1000
P 255 0 255 ISTANBUL 10000 2 1000
P 0 100 255 ISTANBUL 10000 3 1000
P 0 50 255 ISTANBUL 10000 4 1000
P 255 0 255 ISTANBUL 10000 5 1000
P 0 0 255 ISTANBUL 10000 6 1000
P 0 255 255 ISTANBUL 10000 7 1000
P 0 255 0 ISTANBUL 10000 8 1000
P 255 0 255 ISTANBUL 10000 9 1000
P 0 0 255 ISTANBUL 10000 0 1000
P 255 0 255 ISTANBUL 10000 11 1000
P 255 255 255 ISTANBUL 10000 12 1000
P 0 100 255 ISTANBUL 10000 13 1000
P 0 50 255 ISTANBUL 10000 14 1000
P 255 0 255 ISTANBUL 10000 15 1000
P 0 0 255 ISTANBUL 10000 500 1000
P 0 255 255 ISTANBUL 10000 500 1000
P 0 255 0 ISTANBUL 10000 500 1000
P 0 0 255 ISTANBUL 10000 500 1000
P 0 0 255 ISTANBUL 10000 500 1000
P 0 0 255 ISTANBUL 10000 500 1000
P 0 0 255 ISTANBUL 10000 500 1000
P 0 100 255 ISTANBUL 10000 500 1000
P 0 50 255 ISTANBUL 10000 500 1000
P 255 0 255 ISTANBUL 10000 500 1000
P 0 0 255 ISTANBUL 10000 500 1000
P 0 255 255 ISTANBUL 10000 500 1000
P 0 255 0 ISTANBUL 10000 500 1000
P 0 0 255 ISTANBUL 10000 500 1000
P 0 0 255 ISTANBUL 10000 500 1000
P 0 0 255 ISTANBUL 10000 500 1000
P 0 0 255 ISTANBUL 10000 500 1000
P 0 100 255 ISTANBUL 10000 500 1000
P 0 50 255 ISTANBUL 10000 500 1000
P 255 0 255 ISTANBUL 10000 500 1000
P 0 0 255 ISTANBUL 10000 500 1000
P 0 255 255 ISTANBUL 10000 500 1000
P 0 255 0 ISTANBUL 10000 500 1000
P 0 0 255 ISTANBUL 10000 500 1000
P 0 0 255 ISTANBUL 10000 500 1000