P 0 0 255 ISTANBUL 10000 1 1000
P 255 0 255 ANKARA 10000 2 1000
P 0 100 255 ANTALYA 10000 3 1000
P 0 50 255 ADANA 10000 4 1000
P 255 0 255 IZMIR 10000 5 1000
P 0 0 255 SAMSUN 10000 6 1000
P 0 255 255 KONYA 10000 7 1000
P 0 255 0 ERZURUM 10000 8 1000
P 255 0 255 ESKISEHIR 10000 9 1000
P 0 0 255 MUGLA 10000 10 1000
P 255 0 255 MANISA 10000 11 1000
P 255 255 255 HATAY 10000 12 1000
P 0 100 255 SIVAS 10000 13 1000
P 0 50 255 CANAKKALE 10000 14 1000
P 255 0 255 KOCAELI 10000 15 1000
P 0 0 255 KASTAMONU 10000 16 1000
P 0 255 255 KAYSERI 10000 17 1000
P 0 255 0 DIYARBAKIR 10000 18 1000
P 0 0 255 ARTVIN 10000 19 1000
P 0 0 255 TRABZON 10000 20 1000
P 0 0 255 SINOP 10000 21 1000
P 0 0 255 AFYON 10000 22 1000
P 0 100 255 GAZIANTEP 10000 23 1000
P 0 50 255 GIRESUN 10000 24 1000
P 255 0 255 AYDIN 10000 25 1000
P 0 0 255 MERSIN 10000 26 1000
P 0 255 255 BOLU 10000 27 1000
P 0 255 0 BURSA 10000 28 1000
